2.492320e-01 2.534880e-01 2.463360e-01 2.509440e-01 
2.480960e-01 2.530240e-01 2.461120e-01 2.527680e-01 
2.429760e-01 2.551520e-01 2.480000e-01 2.538720e-01 
2.402240e-01 2.575040e-01 2.467040e-01 2.555680e-01 
2.361920e-01 2.583040e-01 2.479200e-01 2.575840e-01 
2.329280e-01 2.591360e-01 2.496000e-01 2.583360e-01 
2.317440e-01 2.592000e-01 2.496320e-01 2.594240e-01 
2.265120e-01 2.597120e-01 2.525280e-01 2.612480e-01 
2.232160e-01 2.614720e-01 2.525600e-01 2.627520e-01 
2.232800e-01 2.611520e-01 2.529440e-01 2.626240e-01 
2.217920e-01 2.598880e-01 2.544320e-01 2.638880e-01 
2.191360e-01 2.600000e-01 2.544000e-01 2.664640e-01 
2.200800e-01 2.580480e-01 2.560960e-01 2.657760e-01 
2.170400e-01 2.598720e-01 2.566720e-01 2.664160e-01 
2.159680e-01 2.594880e-01 2.585440e-01 2.660000e-01 
2.134400e-01 2.603360e-01 2.575520e-01 2.686720e-01 
2.141440e-01 2.584480e-01 2.580960e-01 2.693120e-01 
2.112960e-01 2.589440e-01 2.604960e-01 2.692640e-01 
2.091200e-01 2.588640e-01 2.607040e-01 2.713120e-01 
2.077760e-01 2.602720e-01 2.602240e-01 2.717280e-01 
2.064640e-01 2.595520e-01 2.605600e-01 2.734240e-01 
2.065920e-01 2.582560e-01 2.621600e-01 2.729920e-01 
2.052160e-01 2.589600e-01 2.629120e-01 2.729120e-01 
2.042560e-01 2.595040e-01 2.646560e-01 2.715840e-01 
2.003360e-01 2.596640e-01 2.662720e-01 2.737280e-01 
2.000480e-01 2.585120e-01 2.668160e-01 2.746240e-01 
1.988160e-01 2.592640e-01 2.669920e-01 2.749280e-01 
1.971520e-01 2.586560e-01 2.686240e-01 2.755680e-01 
1.947840e-01 2.581120e-01 2.701920e-01 2.769120e-01 
1.921280e-01 2.572320e-01 2.727200e-01 2.779200e-01 
1.910240e-01 2.583680e-01 2.744000e-01 2.762080e-01 
1.896320e-01 2.581120e-01 2.757440e-01 2.765120e-01 
1.859680e-01 2.599040e-01 2.787520e-01 2.753760e-01 
1.868320e-01 2.602240e-01 2.781920e-01 2.747520e-01 
1.849600e-01 2.603840e-01 2.796160e-01 2.750400e-01 
1.841920e-01 2.600160e-01 2.819680e-01 2.738240e-01 
1.840000e-01 2.615200e-01 2.827040e-01 2.717760e-01 
1.803680e-01 2.629280e-01 2.848320e-01 2.718720e-01 
1.809920e-01 2.647680e-01 2.844960e-01 2.697440e-01 
1.802080e-01 2.648960e-01 2.845920e-01 2.703040e-01 
1.777440e-01 2.665600e-01 2.855680e-01 2.701280e-01 
1.764480e-01 2.670560e-01 2.871840e-01 2.693120e-01 
1.742720e-01 2.683200e-01 2.882080e-01 2.692000e-01 
1.730720e-01 2.690080e-01 2.893600e-01 2.685600e-01 
1.703520e-01 2.704800e-01 2.912640e-01 2.679040e-01 
1.674560e-01 2.723360e-01 2.920960e-01 2.681120e-01 
1.673440e-01 2.737440e-01 2.914240e-01 2.674880e-01 
1.658080e-01 2.739840e-01 2.931520e-01 2.670560e-01 
1.643520e-01 2.758560e-01 2.936160e-01 2.661760e-01 
1.626400e-01 2.763520e-01 2.944000e-01 2.666080e-01 
1.601120e-01 2.775840e-01 2.958240e-01 2.664800e-01 
1.579200e-01 2.785920e-01 2.976640e-01 2.658240e-01 
1.560320e-01 2.799040e-01 2.979200e-01 2.661440e-01 
1.569920e-01 2.803840e-01 2.978080e-01 2.648160e-01 
1.562720e-01 2.801440e-01 2.986240e-01 2.649600e-01 
1.532480e-01 2.815680e-01 2.996480e-01 2.655360e-01 
1.492800e-01 2.824480e-01 3.013600e-01 2.669120e-01 
1.499200e-01 2.822080e-01 3.019360e-01 2.659360e-01 
1.481120e-01 2.837760e-01 3.018400e-01 2.662720e-01 
1.480800e-01 2.831040e-01 3.016320e-01 2.671840e-01 
1.463040e-01 2.836480e-01 3.010240e-01 2.690240e-01 
1.467520e-01 2.837920e-01 3.003840e-01 2.690720e-01 
1.457120e-01 2.849600e-01 2.992480e-01 2.700800e-01 
1.461760e-01 2.849120e-01 2.983840e-01 2.705280e-01 
1.455040e-01 2.853920e-01 2.973280e-01 2.717760e-01 
1.420800e-01 2.872640e-01 2.968960e-01 2.737600e-01 
1.406080e-01 2.887680e-01 2.957440e-01 2.748800e-01 
1.382400e-01 2.902400e-01 2.938240e-01 2.776960e-01 
1.360480e-01 2.907040e-01 2.936160e-01 2.796320e-01 
1.368160e-01 2.912640e-01 2.911040e-01 2.808160e-01 
1.342240e-01 2.939360e-01 2.901600e-01 2.816800e-01 
1.344000e-01 2.946880e-01 2.885280e-01 2.823840e-01 
1.337760e-01 2.958080e-01 2.871680e-01 2.832480e-01 
1.337760e-01 2.963840e-01 2.856000e-01 2.842400e-01 
1.336480e-01 2.974400e-01 2.839040e-01 2.850080e-01 
1.311200e-01 2.990400e-01 2.825440e-01 2.872960e-01 
1.294880e-01 2.999360e-01 2.817440e-01 2.888320e-01 
1.298880e-01 3.000320e-01 2.801920e-01 2.898880e-01 
1.288000e-01 2.996800e-01 2.789600e-01 2.925600e-01 
1.281760e-01 3.008000e-01 2.771840e-01 2.938400e-01 
1.287040e-01 3.006560e-01 2.753120e-01 2.953280e-01 
1.292800e-01 3.012800e-01 2.730400e-01 2.964000e-01 
1.281760e-01 3.026400e-01 2.713600e-01 2.978240e-01 
1.248160e-01 3.043520e-01 2.699200e-01 3.009120e-01 
1.243360e-01 3.050720e-01 2.687520e-01 3.018400e-01 
1.230880e-01 3.056960e-01 2.679680e-01 3.032480e-01 
1.220800e-01 3.063520e-01 2.659040e-01 3.056640e-01 
1.232000e-01 3.060000e-01 2.637120e-01 3.070880e-01 
1.224320e-01 3.068000e-01 2.621280e-01 3.086400e-01 
1.230080e-01 3.081280e-01 2.597600e-01 3.091040e-01 
1.214880e-01 3.098880e-01 2.585920e-01 3.100320e-01 
1.198240e-01 3.111840e-01 2.578880e-01 3.111040e-01 
1.196320e-01 3.104960e-01 2.582080e-01 3.116640e-01 
1.193600e-01 3.107040e-01 2.579840e-01 3.119520e-01 
1.188640e-01 3.105600e-01 2.579680e-01 3.126080e-01 
1.183360e-01 3.105280e-01 2.576160e-01 3.135200e-01 
1.180480e-01 3.095360e-01 2.579680e-01 3.144480e-01 
1.173760e-01 3.089280e-01 2.591520e-01 3.145440e-01 
1.176960e-01 3.087840e-01 2.593280e-01 3.141920e-01 
1.175200e-01 3.079840e-01 2.603360e-01 3.141600e-01 
1.164480e-01 3.075200e-01 2.613120e-01 3.147200e-01 
1.170560e-01 3.063520e-01 2.613600e-01 3.152320e-01 
1.170080e-01 3.057760e-01 2.621120e-01 3.151040e-01 
1.173920e-01 3.030240e-01 2.634240e-01 3.161600e-01 
1.176800e-01 3.013440e-01 2.643040e-01 3.166720e-01 
1.159200e-01 2.992320e-01 2.669280e-01 3.179200e-01 
1.150720e-01 2.970720e-01 2.684000e-01 3.194560e-01 
1.144480e-01 2.950720e-01 2.700480e-01 3.204320e-01 
1.132480e-01 2.935040e-01 2.714880e-01 3.217600e-01 
1.120000e-01 2.923680e-01 2.738080e-01 3.218240e-01 
1.125120e-01 2.907200e-01 2.749440e-01 3.218240e-01 
1.123840e-01 2.879840e-01 2.766400e-01 3.229920e-01 
1.115200e-01 2.862080e-01 2.784000e-01 3.238720e-01 
1.111360e-01 2.851040e-01 2.799360e-01 3.238240e-01 
1.112800e-01 2.838240e-01 2.797920e-01 3.251040e-01 
1.089600e-01 2.836320e-01 2.802720e-01 3.271360e-01 
1.092640e-01 2.823040e-01 2.813280e-01 3.271040e-01 
1.086880e-01 2.821440e-01 2.821600e-01 3.270080e-01 
1.099680e-01 2.809120e-01 2.822080e-01 3.269120e-01 
1.093280e-01 2.794720e-01 2.838880e-01 3.273120e-01 
1.095360e-01 2.777920e-01 2.844160e-01 3.282560e-01 
1.085600e-01 2.785440e-01 2.843520e-01 3.285440e-01 
1.104160e-01 2.772960e-01 2.846240e-01 3.276640e-01 
1.074080e-01 2.771040e-01 2.867200e-01 3.287680e-01 
1.046400e-01 2.769120e-01 2.880000e-01 3.304480e-01 
1.057440e-01 2.762720e-01 2.880000e-01 3.299840e-01 
1.061920e-01 2.755200e-01 2.888160e-01 3.294720e-01 
1.071520e-01 2.752000e-01 2.886080e-01 3.290400e-01 
1.056000e-01 2.759680e-01 2.896640e-01 3.287680e-01 
1.063840e-01 2.745280e-01 2.908800e-01 3.282080e-01 
1.080640e-01 2.736800e-01 2.907360e-01 3.275200e-01 
1.063040e-01 2.737280e-01 2.910080e-01 3.289600e-01 
1.075200e-01 2.728000e-01 2.909920e-01 3.286880e-01 
1.080480e-01 2.730240e-01 2.911360e-01 3.277920e-01 
1.075680e-01 2.737440e-01 2.920800e-01 3.266080e-01 
1.078560e-01 2.733280e-01 2.925440e-01 3.262720e-01 
1.069280e-01 2.736800e-01 2.935840e-01 3.258080e-01 
1.084960e-01 2.730400e-01 2.935840e-01 3.248800e-01 
1.096960e-01 2.747360e-01 2.918240e-01 3.237440e-01 
1.092800e-01 2.757920e-01 2.924640e-01 3.224640e-01 
1.104320e-01 2.760160e-01 2.926560e-01 3.208960e-01 
1.108320e-01 2.758240e-01 2.936960e-01 3.196480e-01 
1.092480e-01 2.765120e-01 2.948320e-01 3.194080e-01 
1.099680e-01 2.769600e-01 2.948160e-01 3.182560e-01 
1.099360e-01 2.781920e-01 2.956160e-01 3.162560e-01 
1.101760e-01 2.777120e-01 2.964000e-01 3.157120e-01 
1.107200e-01 2.789760e-01 2.963040e-01 3.140000e-01 
1.113920e-01 2.798240e-01 2.971040e-01 3.116800e-01 
1.117440e-01 2.813280e-01 2.959520e-01 3.109760e-01 
1.106880e-01 2.832640e-01 2.964800e-01 3.095680e-01 
1.112320e-01 2.842080e-01 2.974080e-01 3.071520e-01 
1.106720e-01 2.853760e-01 2.972480e-01 3.067040e-01 
1.116320e-01 2.861280e-01 2.974880e-01 3.047520e-01 
1.120800e-01 2.867360e-01 2.988960e-01 3.022880e-01 
1.128800e-01 2.876640e-01 2.986720e-01 3.007840e-01 
1.113120e-01 2.898080e-01 2.999040e-01 2.989760e-01 
1.122400e-01 2.900960e-01 3.006400e-01 2.970240e-01 
1.118560e-01 2.922560e-01 3.004000e-01 2.954880e-01 
1.099840e-01 2.937920e-01 3.025120e-01 2.937120e-01 
1.098720e-01 2.940800e-01 3.029600e-01 2.930880e-01 
1.116000e-01 2.940320e-01 3.031840e-01 2.911840e-01 
1.113920e-01 2.952640e-01 3.035200e-01 2.898240e-01 
1.096320e-01 2.961920e-01 3.044960e-01 2.896800e-01 
1.093600e-01 2.968160e-01 3.053440e-01 2.884800e-01 
1.087040e-01 2.978080e-01 3.067840e-01 2.867040e-01 
1.080000e-01 2.995200e-01 3.078080e-01 2.846720e-01 
1.055520e-01 2.999360e-01 3.102240e-01 2.842880e-01 
1.092320e-01 2.993920e-01 3.097920e-01 2.815840e-01 
1.083680e-01 3.000960e-01 3.117280e-01 2.798080e-01 
1.098080e-01 3.001120e-01 3.120800e-01 2.780000e-01 
1.085920e-01 3.008160e-01 3.136640e-01 2.769280e-01 
1.086080e-01 3.010720e-01 3.139040e-01 2.764160e-01 
1.073760e-01 3.014080e-01 3.140960e-01 2.771200e-01 
1.080960e-01 3.020160e-01 3.139840e-01 2.759040e-01 
1.060480e-01 3.020000e-01 3.154400e-01 2.765120e-01 
1.068320e-01 3.016640e-01 3.151680e-01 2.763360e-01 
1.067840e-01 3.017600e-01 3.156000e-01 2.758560e-01 
1.067840e-01 3.016160e-01 3.152800e-01 2.763200e-01 
1.080320e-01 3.021760e-01 3.145280e-01 2.752640e-01 
1.089600e-01 3.032800e-01 3.134720e-01 2.742880e-01 
1.072160e-01 3.036000e-01 3.144800e-01 2.747040e-01 
1.068960e-01 3.037760e-01 3.142240e-01 2.751040e-01 
1.048480e-01 3.053600e-01 3.144160e-01 2.753760e-01 
1.064800e-01 3.046240e-01 3.128960e-01 2.760000e-01 
1.073440e-01 3.050720e-01 3.112160e-01 2.763680e-01 
1.053920e-01 3.041600e-01 3.124320e-01 2.780160e-01 
1.075360e-01 3.042080e-01 3.109600e-01 2.772960e-01 
1.065440e-01 3.043520e-01 3.117600e-01 2.773440e-01 
1.065120e-01 3.049440e-01 3.109760e-01 2.775680e-01 
1.060320e-01 3.054080e-01 3.106880e-01 2.778720e-01 
1.057760e-01 3.050720e-01 3.102400e-01 2.789120e-01 
1.045440e-01 3.060320e-01 3.096000e-01 2.798240e-01 
1.053920e-01 3.066560e-01 3.078400e-01 2.801120e-01 
1.064480e-01 3.060960e-01 3.064800e-01 2.809760e-01 
1.062560e-01 3.069280e-01 3.051840e-01 2.816320e-01 
1.056640e-01 3.071200e-01 3.046240e-01 2.825920e-01 
1.048480e-01 3.087520e-01 3.030080e-01 2.833920e-01 
1.037760e-01 3.089920e-01 3.022880e-01 2.849440e-01 
1.058880e-01 3.088000e-01 3.007200e-01 2.845920e-01 
1.062400e-01 3.080160e-01 2.996960e-01 2.860480e-01 
1.063200e-01 3.094080e-01 2.965600e-01 2.877120e-01 
1.057920e-01 3.099040e-01 2.954880e-01 2.888160e-01 
1.058720e-01 3.102240e-01 2.944640e-01 2.894400e-01 
1.057760e-01 3.111040e-01 2.932800e-01 2.898400e-01 
1.069440e-01 3.111840e-01 2.917120e-01 2.901600e-01 
1.059840e-01 3.114080e-01 2.912640e-01 2.913440e-01 
1.073600e-01 3.117600e-01 2.892320e-01 2.916480e-01 
1.074560e-01 3.114880e-01 2.881280e-01 2.929280e-01 
1.051680e-01 3.132160e-01 2.874240e-01 2.941920e-01 
1.058720e-01 3.138560e-01 2.860960e-01 2.941760e-01 
1.072480e-01 3.141120e-01 2.844480e-01 2.941920e-01 
1.065600e-01 3.154720e-01 2.832640e-01 2.947040e-01 
1.055360e-01 3.167360e-01 2.817600e-01 2.959680e-01 
1.055680e-01 3.177760e-01 2.812640e-01 2.953920e-01 
1.044640e-01 3.186720e-01 2.812320e-01 2.956320e-01 
1.045120e-01 3.202720e-01 2.787040e-01 2.965120e-01 
1.049600e-01 3.200160e-01 2.780000e-01 2.970240e-01 
1.043840e-01 3.211360e-01 2.762560e-01 2.982240e-01 
1.046560e-01 3.219040e-01 2.750560e-01 2.983840e-01 
1.033120e-01 3.225280e-01 2.742560e-01 2.999040e-01 
1.028320e-01 3.234720e-01 2.728800e-01 3.008160e-01 
1.025440e-01 3.244160e-01 2.705600e-01 3.024800e-01 
1.031520e-01 3.245600e-01 2.697440e-01 3.025440e-01 
1.021600e-01 3.248480e-01 2.691680e-01 3.038240e-01 
1.015200e-01 3.256480e-01 2.674720e-01 3.053600e-01 
1.026560e-01 3.248960e-01 2.675200e-01 3.049280e-01 
1.017760e-01 3.250080e-01 2.674720e-01 3.057440e-01 
1.025120e-01 3.243200e-01 2.660320e-01 3.071360e-01 
1.024320e-01 3.244960e-01 2.655520e-01 3.075200e-01 
1.016800e-01 3.251520e-01 2.650240e-01 3.081440e-01 
1.031040e-01 3.250240e-01 2.637440e-01 3.081280e-01 
1.028320e-01 3.254080e-01 2.630080e-01 3.087520e-01 
1.034560e-01 3.248640e-01 2.624480e-01 3.092320e-01 
1.026560e-01 3.243360e-01 2.625280e-01 3.104800e-01 
1.008960e-01 3.248160e-01 2.625760e-01 3.117120e-01 
1.007520e-01 3.232480e-01 2.627520e-01 3.132480e-01 
1.005120e-01 3.223200e-01 2.622560e-01 3.149120e-01 
1.007840e-01 3.204960e-01 2.623840e-01 3.163360e-01 
1.006720e-01 3.201440e-01 2.621600e-01 3.170240e-01 
1.019840e-01 3.193600e-01 2.610560e-01 3.176000e-01 
1.038240e-01 3.185760e-01 2.601120e-01 3.174880e-01 
1.025600e-01 3.178240e-01 2.603200e-01 3.192960e-01 
1.012800e-01 3.171680e-01 2.606080e-01 3.209440e-01 
1.009600e-01 3.160960e-01 2.608160e-01 3.221280e-01 
1.017280e-01 3.139200e-01 2.605120e-01 3.238400e-01 
1.019840e-01 3.127840e-01 2.595680e-01 3.256640e-01 
1.027040e-01 3.118880e-01 2.592000e-01 3.262080e-01 
1.037280e-01 3.094080e-01 2.595840e-01 3.272800e-01 
1.037280e-01 3.087520e-01 2.600480e-01 3.274720e-01 
1.024640e-01 3.081760e-01 2.602240e-01 3.291360e-01 
1.034720e-01 3.068000e-01 2.601280e-01 3.296000e-01 
1.027840e-01 3.062560e-01 2.605440e-01 3.304160e-01 
1.022880e-01 3.050400e-01 2.618240e-01 3.308480e-01 
1.017760e-01 3.026240e-01 2.628640e-01 3.327360e-01 
1.021440e-01 3.024480e-01 2.622560e-01 3.331520e-01 
1.027680e-01 3.020960e-01 2.616320e-01 3.335040e-01 
1.028640e-01 2.999680e-01 2.627200e-01 3.344480e-01 
1.030720e-01 2.997440e-01 2.631680e-01 3.340160e-01 
1.027680e-01 2.997920e-01 2.633120e-01 3.341280e-01 
1.029600e-01 2.987840e-01 2.634720e-01 3.347840e-01 
1.030240e-01 2.979040e-01 2.641760e-01 3.348960e-01 
1.020320e-01 2.977600e-01 2.653760e-01 3.348320e-01 
1.014560e-01 2.968160e-01 2.667520e-01 3.349760e-01 
1.008480e-01 2.973920e-01 2.660800e-01 3.356800e-01 
9.840000e-02 2.974080e-01 2.675040e-01 3.366880e-01 
9.840000e-02 2.960960e-01 2.689280e-01 3.365760e-01 
9.961600e-02 2.951200e-01 2.701440e-01 3.351200e-01 
9.982400e-02 2.943520e-01 2.712320e-01 3.345920e-01 
9.900800e-02 2.955680e-01 2.724320e-01 3.329920e-01 
1.002080e-01 2.957280e-01 2.732480e-01 3.308160e-01 
9.950400e-02 2.952640e-01 2.751040e-01 3.301280e-01 
9.952000e-02 2.962720e-01 2.757920e-01 3.284160e-01 
1.007520e-01 2.968000e-01 2.763520e-01 3.260960e-01 
9.936000e-02 2.970400e-01 2.782080e-01 3.253920e-01 
9.964800e-02 2.965120e-01 2.799360e-01 3.239040e-01 
9.993600e-02 2.966880e-01 2.809440e-01 3.224320e-01 
9.904000e-02 2.979520e-01 2.826240e-01 3.203840e-01 
9.817600e-02 2.989920e-01 2.842560e-01 3.185760e-01 
9.868800e-02 2.994240e-01 2.854880e-01 3.164000e-01 
9.892800e-02 2.989440e-01 2.868640e-01 3.152640e-01 
1.014720e-01 2.993600e-01 2.871680e-01 3.120000e-01 
1.009600e-01 2.996960e-01 2.891360e-01 3.102080e-01 
1.015040e-01 2.999360e-01 2.907520e-01 3.078080e-01 
1.015200e-01 3.006240e-01 2.921600e-01 3.056960e-01 
1.015040e-01 3.010240e-01 2.933120e-01 3.041600e-01 
1.006080e-01 3.019520e-01 2.954400e-01 3.020000e-01 
1.017760e-01 3.029920e-01 2.968960e-01 2.983360e-01 
1.016640e-01 3.031200e-01 2.985280e-01 2.966880e-01 
1.011200e-01 3.040640e-01 2.996000e-01 2.952160e-01 
1.002720e-01 3.048480e-01 3.011840e-01 2.936960e-01 
1.007360e-01 3.050720e-01 3.015520e-01 2.926400e-01 
1.000160e-01 3.063680e-01 3.026560e-01 2.909600e-01 
1.018880e-01 3.064000e-01 3.030560e-01 2.886560e-01 
1.007520e-01 3.088320e-01 3.027840e-01 2.876320e-01 
9.984000e-02 3.104960e-01 3.034720e-01 2.861920e-01 
1.013920e-01 3.117280e-01 3.026400e-01 2.842400e-01 
1.030880e-01 3.111680e-01 3.025760e-01 2.831680e-01 
1.022080e-01 3.125280e-01 3.021440e-01 2.831200e-01 
1.016160e-01 3.145760e-01 3.018880e-01 2.819200e-01 
9.979200e-02 3.172160e-01 3.015840e-01 2.814080e-01 
1.000480e-01 3.190720e-01 3.005760e-01 2.803040e-01 
9.897600e-02 3.218880e-01 3.006560e-01 2.784800e-01 
9.937600e-02 3.234400e-01 3.000480e-01 2.771360e-01 
1.002720e-01 3.245920e-01 2.993760e-01 2.757600e-01 
1.003040e-01 3.258240e-01 2.984960e-01 2.753760e-01 
1.010880e-01 3.275520e-01 2.974240e-01 2.739360e-01 
9.963200e-02 3.301280e-01 2.973600e-01 2.728800e-01 
1.000960e-01 3.316640e-01 2.966240e-01 2.716160e-01 
1.017440e-01 3.330400e-01 2.949600e-01 2.702560e-01 
1.020160e-01 3.345440e-01 2.942880e-01 2.691520e-01 
1.014400e-01 3.363360e-01 2.937600e-01 2.684640e-01 
1.034720e-01 3.367200e-01 2.921760e-01 2.676320e-01 
1.027840e-01 3.376160e-01 2.921120e-01 2.674880e-01 
1.036960e-01 3.371040e-01 2.921280e-01 2.670720e-01 
1.040000e-01 3.370880e-01 2.918560e-01 2.670560e-01 
1.031200e-01 3.375520e-01 2.915200e-01 2.678080e-01 
1.029280e-01 3.381600e-01 2.911840e-01 2.677280e-01 
1.033280e-01 3.374400e-01 2.910240e-01 2.682080e-01 
1.016160e-01 3.374560e-01 2.910400e-01 2.698880e-01 
1.009440e-01 3.372960e-01 2.910400e-01 2.707200e-01 
1.025440e-01 3.372480e-01 2.894560e-01 2.707520e-01 
1.036160e-01 3.366560e-01 2.897600e-01 2.699680e-01 
1.024640e-01 3.375360e-01 2.881120e-01 2.718880e-01 
1.014240e-01 3.367040e-01 2.885600e-01 2.733120e-01 
1.009440e-01 3.372160e-01 2.878720e-01 2.739680e-01 
1.006880e-01 3.369600e-01 2.869120e-01 2.754400e-01 
1.026720e-01 3.361600e-01 2.860800e-01 2.750880e-01 
1.010240e-01 3.370240e-01 2.845920e-01 2.773600e-01 
1.011520e-01 3.368960e-01 2.837760e-01 2.781760e-01 
1.014560e-01 3.354720e-01 2.829280e-01 2.801440e-01 
1.009120e-01 3.347680e-01 2.819360e-01 2.823840e-01 
1.011040e-01 3.355680e-01 2.798880e-01 2.834400e-01 
1.013120e-01 3.345280e-01 2.797120e-01 2.844480e-01 
9.960000e-02 3.342400e-01 2.792480e-01 2.869120e-01 
1.007520e-01 3.337120e-01 2.776000e-01 2.879360e-01 
1.016960e-01 3.326240e-01 2.758240e-01 2.898560e-01 
1.014400e-01 3.327200e-01 2.750240e-01 2.908160e-01 
1.013280e-01 3.326720e-01 2.741760e-01 2.918240e-01 
9.948800e-02 3.319840e-01 2.739680e-01 2.945600e-01 
1.000000e-01 3.312160e-01 2.732480e-01 2.955360e-01 
9.916800e-02 3.297920e-01 2.727520e-01 2.982880e-01 
1.005600e-01 3.284960e-01 2.712640e-01 2.996800e-01 
1.008160e-01 3.271360e-01 2.703040e-01 3.017440e-01 
1.022080e-01 3.258240e-01 2.693440e-01 3.026240e-01 
1.036800e-01 3.244800e-01 2.680640e-01 3.037760e-01 
1.044320e-01 3.228800e-01 2.677760e-01 3.049120e-01 
1.041760e-01 3.226400e-01 2.676320e-01 3.055520e-01 
1.035200e-01 3.230080e-01 2.671040e-01 3.063680e-01 
1.038880e-01 3.208800e-01 2.670240e-01 3.082080e-01 
1.021440e-01 3.212800e-01 2.668160e-01 3.097600e-01 
1.026720e-01 3.205920e-01 2.660000e-01 3.107360e-01 
1.026400e-01 3.201120e-01 2.663200e-01 3.109280e-01 
1.032800e-01 3.193760e-01 2.661600e-01 3.111840e-01 
1.034560e-01 3.180000e-01 2.653920e-01 3.131520e-01 
1.049280e-01 3.157920e-01 2.652640e-01 3.140160e-01 
1.055680e-01 3.143520e-01 2.655680e-01 3.145120e-01 
1.068160e-01 3.129440e-01 2.650880e-01 3.151520e-01 
1.058240e-01 3.110560e-01 2.664000e-01 3.167200e-01 
1.046720e-01 3.107680e-01 2.668640e-01 3.176960e-01 
1.043200e-01 3.091040e-01 2.680160e-01 3.185600e-01 
1.037280e-01 3.080480e-01 2.693280e-01 3.188960e-01 
1.055200e-01 3.066880e-01 2.696160e-01 3.181760e-01 
1.068800e-01 3.043040e-01 2.702880e-01 3.185280e-01 
1.064320e-01 3.035200e-01 2.710560e-01 3.189920e-01 
1.073760e-01 3.018880e-01 2.719520e-01 3.187840e-01 
1.067040e-01 3.014240e-01 2.724160e-01 3.194560e-01 
1.062720e-01 2.996640e-01 2.744800e-01 3.195840e-01 
1.064800e-01 2.984960e-01 2.754080e-01 3.196160e-01 
1.061120e-01 2.973920e-01 2.768000e-01 3.196960e-01 
1.048800e-01 2.962560e-01 2.783520e-01 3.205120e-01 
1.040960e-01 2.951200e-01 2.807040e-01 3.200800e-01 
1.048640e-01 2.921600e-01 2.826880e-01 3.202880e-01 
1.037280e-01 2.912480e-01 2.843680e-01 3.206560e-01 
1.049760e-01 2.890880e-01 2.854720e-01 3.204640e-01 
1.039040e-01 2.881440e-01 2.863680e-01 3.215840e-01 
1.038560e-01 2.865440e-01 2.876480e-01 3.219520e-01 
1.055840e-01 2.848960e-01 2.876800e-01 3.218400e-01 
1.047200e-01 2.833920e-01 2.892800e-01 3.226080e-01 
1.063360e-01 2.807680e-01 2.901920e-01 3.227040e-01 
1.068960e-01 2.794240e-01 2.909600e-01 3.227200e-01 
1.058240e-01 2.786560e-01 2.935840e-01 3.219360e-01 
1.052800e-01 2.763360e-01 2.962240e-01 3.221600e-01 
1.056960e-01 2.750240e-01 2.965760e-01 3.227040e-01 
1.053600e-01 2.731040e-01 2.977280e-01 3.238080e-01 
1.049440e-01 2.716640e-01 2.992960e-01 3.240960e-01 
1.066400e-01 2.691360e-01 3.004000e-01 3.238240e-01 
1.075520e-01 2.671680e-01 3.008000e-01 3.244800e-01 
1.076160e-01 2.665600e-01 3.015520e-01 3.242720e-01 
1.069440e-01 2.652960e-01 3.036480e-01 3.241120e-01 
1.052320e-01 2.649120e-01 3.050560e-01 3.248000e-01 
1.046560e-01 2.643840e-01 3.069120e-01 3.240480e-01 
1.049760e-01 2.627840e-01 3.074720e-01 3.247680e-01 
1.053920e-01 2.607520e-01 3.082720e-01 3.255840e-01 
1.054400e-01 2.600640e-01 3.085440e-01 3.259520e-01 
1.035680e-01 2.606720e-01 3.096800e-01 3.260800e-01 
1.021280e-01 2.601600e-01 3.105600e-01 3.271520e-01 
1.035520e-01 2.588320e-01 3.104800e-01 3.271360e-01 
1.034720e-01 2.588000e-01 3.103680e-01 3.273600e-01 
1.054080e-01 2.575520e-01 3.099520e-01 3.270880e-01 
1.057760e-01 2.561280e-01 3.106400e-01 3.274560e-01 
1.056160e-01 2.559360e-01 3.113600e-01 3.270880e-01 
1.060320e-01 2.556000e-01 3.118720e-01 3.264960e-01 
1.068000e-01 2.554880e-01 3.124640e-01 3.252480e-01 
1.079200e-01 2.548800e-01 3.128960e-01 3.243040e-01 
1.079680e-01 2.553920e-01 3.130400e-01 3.236000e-01 
1.080480e-01 2.561760e-01 3.139040e-01 3.218720e-01 
1.075200e-01 2.573600e-01 3.146720e-01 3.204480e-01 
1.073280e-01 2.572480e-01 3.157920e-01 3.196320e-01 
1.065280e-01 2.586400e-01 3.164640e-01 3.183680e-01 
1.065600e-01 2.604320e-01 3.160000e-01 3.170080e-01 
1.050080e-01 2.623040e-01 3.176960e-01 3.149920e-01 
1.042880e-01 2.641760e-01 3.183360e-01 3.132000e-01 
1.051360e-01 2.646400e-01 3.199360e-01 3.102880e-01 
1.073600e-01 2.656800e-01 3.198080e-01 3.071520e-01 
1.064160e-01 2.674240e-01 3.202720e-01 3.058880e-01 
1.031680e-01 2.703680e-01 3.224320e-01 3.040320e-01 
1.042080e-01 2.717920e-01 3.238400e-01 3.001600e-01 
1.047040e-01 2.726400e-01 3.242240e-01 2.984320e-01 
1.026240e-01 2.744480e-01 3.254560e-01 2.974720e-01 
1.043680e-01 2.754880e-01 3.254240e-01 2.947200e-01 
1.042400e-01 2.774880e-01 3.260800e-01 2.921920e-01 
1.039040e-01 2.798080e-01 3.259040e-01 2.903840e-01 
1.044800e-01 2.822240e-01 3.248320e-01 2.884640e-01 
1.044320e-01 2.847040e-01 3.244480e-01 2.864160e-01 
1.043520e-01 2.865280e-01 3.248800e-01 2.842400e-01 
1.040480e-01 2.878080e-01 3.244960e-01 2.836480e-01 
1.038240e-01 2.899840e-01 3.244000e-01 2.817920e-01 
1.028800e-01 2.922080e-01 3.251040e-01 2.798080e-01 
1.016480e-01 2.942080e-01 3.246720e-01 2.794720e-01 
1.031360e-01 2.957920e-01 3.237120e-01 2.773600e-01 
1.044480e-01 2.966720e-01 3.231840e-01 2.756960e-01 
1.045920e-01 2.982880e-01 3.236800e-01 2.734400e-01 
1.040480e-01 2.998560e-01 3.242240e-01 2.718720e-01 
1.035520e-01 3.027040e-01 3.240320e-01 2.697120e-01 
1.025280e-01 3.053920e-01 3.245440e-01 2.675360e-01 
1.016160e-01 3.080320e-01 3.254240e-01 2.649280e-01 
1.003360e-01 3.088960e-01 3.260960e-01 2.646720e-01 
1.000000e-01 3.109440e-01 3.267840e-01 2.622720e-01 
1.011520e-01 3.121440e-01 3.265120e-01 2.601920e-01 
1.028960e-01 3.135840e-01 3.253600e-01 2.581600e-01 
1.043840e-01 3.140000e-01 3.244640e-01 2.571520e-01 
1.030080e-01 3.164480e-01 3.240160e-01 2.565280e-01 
1.049280e-01 3.191520e-01 3.220320e-01 2.538880e-01 
1.042400e-01 3.206880e-01 3.210720e-01 2.540000e-01 
1.033120e-01 3.220640e-01 3.211360e-01 2.534880e-01 
1.021600e-01 3.235360e-01 3.205120e-01 2.537920e-01 
1.034560e-01 3.256160e-01 3.188800e-01 2.520480e-01 
1.006400e-01 3.289760e-01 3.198240e-01 2.505600e-01 
1.028480e-01 3.295360e-01 3.184320e-01 2.491840e-01 
1.029280e-01 3.313760e-01 3.177120e-01 2.479840e-01 
1.031840e-01 3.336320e-01 3.161280e-01 2.470560e-01 
1.017920e-01 3.359040e-01 3.150880e-01 2.472160e-01 
1.023360e-01 3.365920e-01 3.144000e-01 2.466720e-01 
1.016320e-01 3.385440e-01 3.126720e-01 2.471520e-01 
1.007680e-01 3.406400e-01 3.111840e-01 2.474080e-01 
9.926400e-02 3.442400e-01 3.087840e-01 2.477120e-01 
1.003840e-01 3.444800e-01 3.075360e-01 2.476000e-01 
9.926400e-02 3.463200e-01 3.064960e-01 2.479200e-01 
1.004000e-01 3.469600e-01 3.047680e-01 2.478720e-01 
1.020960e-01 3.476480e-01 3.019680e-01 2.482880e-01 
1.024480e-01 3.490880e-01 2.991840e-01 2.492800e-01 
1.019840e-01 3.518080e-01 2.963040e-01 2.499040e-01 
1.016160e-01 3.534080e-01 2.952640e-01 2.497120e-01 
1.033760e-01 3.542240e-01 2.932320e-01 2.491680e-01 
1.041600e-01 3.546240e-01 2.911840e-01 2.500320e-01 
1.050560e-01 3.552320e-01 2.877440e-01 2.519680e-01 
1.044160e-01 3.566240e-01 2.860800e-01 2.528800e-01 
1.052320e-01 3.564160e-01 2.840160e-01 2.543360e-01 
1.036000e-01 3.574880e-01 2.823520e-01 2.565600e-01 
1.018240e-01 3.582560e-01 2.807200e-01 2.592000e-01 
1.022720e-01 3.577120e-01 2.787040e-01 2.613120e-01 
1.034720e-01 3.576640e-01 2.760640e-01 2.628000e-01 
1.012640e-01 3.591200e-01 2.744480e-01 2.651680e-01 
1.028960e-01 3.578720e-01 2.725440e-01 2.666880e-01 
1.019680e-01 3.589600e-01 2.707040e-01 2.683680e-01 
1.017920e-01 3.594080e-01 2.689920e-01 2.698080e-01 
1.021120e-01 3.583360e-01 2.673760e-01 2.721760e-01 
1.015840e-01 3.586400e-01 2.662240e-01 2.735520e-01 
1.016640e-01 3.588480e-01 2.649760e-01 2.745120e-01 
1.017760e-01 3.590080e-01 2.629440e-01 2.762720e-01 
1.028320e-01 3.584000e-01 2.614400e-01 2.773280e-01 
1.015840e-01 3.588640e-01 2.603680e-01 2.791840e-01 
1.004000e-01 3.588960e-01 2.598880e-01 2.808160e-01 
9.913600e-02 3.587360e-01 2.602560e-01 2.818720e-01 
9.958400e-02 3.570400e-01 2.592000e-01 2.841760e-01 
1.009920e-01 3.557600e-01 2.571840e-01 2.860640e-01 
1.002080e-01 3.554560e-01 2.562400e-01 2.880960e-01 
9.979200e-02 3.546880e-01 2.556800e-01 2.898400e-01 
1.005280e-01 3.523040e-01 2.541600e-01 2.930080e-01 
1.004800e-01 3.515200e-01 2.521120e-01 2.958880e-01 
9.993600e-02 3.509440e-01 2.506080e-01 2.985120e-01 
9.920000e-02 3.494400e-01 2.500640e-01 3.012960e-01 
9.732800e-02 3.476800e-01 2.497760e-01 3.052160e-01 
9.745600e-02 3.463200e-01 2.492960e-01 3.069280e-01 
9.724800e-02 3.440480e-01 2.495520e-01 3.091520e-01 
9.803200e-02 3.409920e-01 2.493760e-01 3.116000e-01 
9.979200e-02 3.366880e-01 2.504160e-01 3.131040e-01 
1.012960e-01 3.339840e-01 2.496160e-01 3.151040e-01 
1.019840e-01 3.312000e-01 2.501760e-01 3.166400e-01 
1.014880e-01 3.293600e-01 2.497600e-01 3.193920e-01 
1.007360e-01 3.264000e-01 2.493280e-01 3.235360e-01 
1.018080e-01 3.238240e-01 2.493440e-01 3.250240e-01 
1.021440e-01 3.206400e-01 2.495520e-01 3.276640e-01 
1.038880e-01 3.169120e-01 2.488480e-01 3.303520e-01 
1.038240e-01 3.146400e-01 2.493280e-01 3.322080e-01 
1.049280e-01 3.113120e-01 2.500320e-01 3.337280e-01 
1.050080e-01 3.081600e-01 2.503040e-01 3.365280e-01 
1.065920e-01 3.035360e-01 2.511680e-01 3.387040e-01 
1.067360e-01 3.001120e-01 2.523360e-01 3.408160e-01 
1.042560e-01 2.980320e-01 2.537440e-01 3.439680e-01 
1.065760e-01 2.943360e-01 2.538720e-01 3.452160e-01 
1.042720e-01 2.933920e-01 2.546560e-01 3.476800e-01 
1.043680e-01 2.919680e-01 2.548960e-01 3.487680e-01 
1.044960e-01 2.891200e-01 2.553280e-01 3.510560e-01 
1.054080e-01 2.867200e-01 2.565280e-01 3.513440e-01 
1.048640e-01 2.848160e-01 2.573760e-01 3.529440e-01 
1.064800e-01 2.816480e-01 2.577440e-01 3.541280e-01 
1.046880e-01 2.797280e-01 2.599040e-01 3.556800e-01 
1.045280e-01 2.782880e-01 2.607680e-01 3.564160e-01 
1.048640e-01 2.756480e-01 2.628800e-01 3.566080e-01 
1.056480e-01 2.720640e-01 2.645280e-01 3.577600e-01 
1.049120e-01 2.699680e-01 2.658400e-01 3.592800e-01 
1.041440e-01 2.674560e-01 2.676800e-01 3.607200e-01 
1.049920e-01 2.648640e-01 2.682880e-01 3.618560e-01 
1.031680e-01 2.635840e-01 2.692000e-01 3.640480e-01 
1.049760e-01 2.615840e-01 2.690240e-01 3.644160e-01 
1.051520e-01 2.591040e-01 2.705600e-01 3.651840e-01 
1.063840e-01 2.564800e-01 2.710880e-01 3.660480e-01 
1.070560e-01 2.548160e-01 2.725920e-01 3.655360e-01 
1.065600e-01 2.537600e-01 2.732000e-01 3.664800e-01 
1.069280e-01 2.528160e-01 2.736160e-01 3.666400e-01 
1.050080e-01 2.523520e-01 2.756000e-01 3.670400e-01 
1.036480e-01 2.518240e-01 2.770880e-01 3.674400e-01 
1.031680e-01 2.511200e-01 2.777440e-01 3.679680e-01 
1.031360e-01 2.497760e-01 2.794560e-01 3.676320e-01 
1.032800e-01 2.502400e-01 2.793920e-01 3.670880e-01 
1.028640e-01 2.488640e-01 2.804960e-01 3.677760e-01 
1.024640e-01 2.490400e-01 2.812640e-01 3.672320e-01 
1.039520e-01 2.491680e-01 2.807680e-01 3.661120e-01 
1.042880e-01 2.499360e-01 2.806240e-01 3.651520e-01 
1.048640e-01 2.503840e-01 2.805440e-01 3.642080e-01 
1.051840e-01 2.521760e-01 2.800000e-01 3.626400e-01 
1.048960e-01 2.532800e-01 2.812320e-01 3.605920e-01 
1.063360e-01 2.536800e-01 2.824640e-01 3.575200e-01 
1.052000e-01 2.553600e-01 2.834080e-01 3.560320e-01 
1.064320e-01 2.552640e-01 2.841760e-01 3.541280e-01 
1.048000e-01 2.570240e-01 2.854240e-01 3.527520e-01 
1.060000e-01 2.588800e-01 2.857280e-01 3.493920e-01 
1.061280e-01 2.595200e-01 2.872000e-01 3.471520e-01 
1.062560e-01 2.599360e-01 2.899840e-01 3.438240e-01 
1.059360e-01 2.606080e-01 2.920320e-01 3.414240e-01 
1.053120e-01 2.616320e-01 2.940800e-01 3.389760e-01 
1.048000e-01 2.626080e-01 2.964160e-01 3.361760e-01 
1.055360e-01 2.623840e-01 2.977120e-01 3.343680e-01 
1.035520e-01 2.633120e-01 3.004320e-01 3.327040e-01 
1.040960e-01 2.634560e-01 3.030880e-01 3.293600e-01 
1.036640e-01 2.639200e-01 3.061120e-01 3.263040e-01 
1.031840e-01 2.642080e-01 3.080800e-01 3.245280e-01 
1.034400e-01 2.646720e-01 3.107200e-01 3.211680e-01 
1.028160e-01 2.653280e-01 3.130880e-01 3.187680e-01 
1.025920e-01 2.651200e-01 3.163360e-01 3.159520e-01 
1.020640e-01 2.668160e-01 3.195520e-01 3.115680e-01 
1.032320e-01 2.664160e-01 3.218560e-01 3.084960e-01 
1.037120e-01 2.670400e-01 3.237280e-01 3.055200e-01 
1.027360e-01 2.677600e-01 3.259680e-01 3.035360e-01 
1.029760e-01 2.680960e-01 3.270720e-01 3.018560e-01 
1.020960e-01 2.688640e-01 3.298400e-01 2.992000e-01 
1.040480e-01 2.692000e-01 3.306880e-01 2.960640e-01 
1.051200e-01 2.704320e-01 3.310720e-01 2.933760e-01 
1.049760e-01 2.714880e-01 3.324640e-01 2.910720e-01 
1.037920e-01 2.719040e-01 3.348160e-01 2.894880e-01 
1.046400e-01 2.728480e-01 3.360000e-01 2.865120e-01 
1.040320e-01 2.735840e-01 3.378720e-01 2.845120e-01 
1.021280e-01 2.755520e-01 3.389600e-01 2.833600e-01 
1.009280e-01 2.758880e-01 3.405280e-01 2.826560e-01 
1.001920e-01 2.773920e-01 3.410560e-01 2.813600e-01 
1.010560e-01 2.784800e-01 3.410400e-01 2.794240e-01 
1.016480e-01 2.792320e-01 3.412320e-01 2.778880e-01 
1.033440e-01 2.796480e-01 3.400480e-01 2.769600e-01 
1.005280e-01 2.822560e-01 3.400960e-01 2.771200e-01 
1.001760e-01 2.847360e-01 3.382400e-01 2.768480e-01 
1.022080e-01 2.850720e-01 3.380000e-01 2.747200e-01 
1.027840e-01 2.868640e-01 3.369760e-01 2.733760e-01 
1.020960e-01 2.881600e-01 3.361600e-01 2.735840e-01 
1.033280e-01 2.889600e-01 3.349440e-01 2.727680e-01 
1.032160e-01 2.913120e-01 3.338240e-01 2.716480e-01 
1.026400e-01 2.939200e-01 3.318400e-01 2.716000e-01 
1.029440e-01 2.966720e-01 3.295360e-01 2.708480e-01 
1.033920e-01 2.990880e-01 3.270400e-01 2.704800e-01 
1.030560e-01 3.013440e-01 3.244640e-01 2.711360e-01 
1.027520e-01 3.024320e-01 3.225760e-01 2.722400e-01 
1.016800e-01 3.052960e-01 3.205440e-01 2.724800e-01 
1.003680e-01 3.088640e-01 3.183040e-01 2.724640e-01 
1.006240e-01 3.123200e-01 3.148480e-01 2.722080e-01 
1.013920e-01 3.152800e-01 3.123040e-01 2.710240e-01 
1.013920e-01 3.174240e-01 3.099520e-01 2.712320e-01 
1.011360e-01 3.192960e-01 3.073760e-01 2.721920e-01 
1.013600e-01 3.212800e-01 3.057440e-01 2.716160e-01 
1.040320e-01 3.233440e-01 3.020480e-01 2.705760e-01 
1.033600e-01 3.247680e-01 3.001600e-01 2.717120e-01 
1.039840e-01 3.261600e-01 2.975040e-01 2.723520e-01 
1.039360e-01 3.274560e-01 2.950720e-01 2.735360e-01 
1.052480e-01 3.286880e-01 2.924480e-01 2.736160e-01 
1.051200e-01 3.313440e-01 2.894720e-01 2.740640e-01 
1.047520e-01 3.335840e-01 2.872640e-01 2.744000e-01 
1.026240e-01 3.357440e-01 2.854720e-01 2.761600e-01 
1.014560e-01 3.380000e-01 2.826720e-01 2.778720e-01 
1.014560e-01 3.395200e-01 2.801920e-01 2.788320e-01 
1.016000e-01 3.412000e-01 2.780320e-01 2.791680e-01 
1.028960e-01 3.424000e-01 2.745600e-01 2.801440e-01 
1.032480e-01 3.426880e-01 2.724000e-01 2.816640e-01 
1.031200e-01 3.434560e-01 2.702240e-01 2.832000e-01 
1.032000e-01 3.431520e-01 2.693120e-01 2.843360e-01 
1.031520e-01 3.439680e-01 2.677760e-01 2.851040e-01 
1.047200e-01 3.425760e-01 2.660160e-01 2.866880e-01 
1.030240e-01 3.418720e-01 2.656800e-01 2.894240e-01 
1.036480e-01 3.415200e-01 2.638400e-01 2.909920e-01 
1.030720e-01 3.408640e-01 2.624160e-01 2.936480e-01 
1.022240e-01 3.397440e-01 2.626880e-01 2.953440e-01 
1.024960e-01 3.385280e-01 2.607040e-01 2.982720e-01 
1.016800e-01 3.377120e-01 2.600320e-01 3.005760e-01 
1.021280e-01 3.358560e-01 2.582720e-01 3.037440e-01 
1.032160e-01 3.340000e-01 2.574720e-01 3.053120e-01 
1.016000e-01 3.332320e-01 2.571040e-01 3.080640e-01 
1.017760e-01 3.319040e-01 2.559200e-01 3.104000e-01 
1.016960e-01 3.304000e-01 2.554240e-01 3.124800e-01 
1.007040e-01 3.291200e-01 2.554560e-01 3.147200e-01 
1.015040e-01 3.260640e-01 2.544320e-01 3.180000e-01 
1.005600e-01 3.240800e-01 2.545280e-01 3.208320e-01 
9.881600e-02 3.240160e-01 2.543200e-01 3.228480e-01 
9.897600e-02 3.217920e-01 2.539840e-01 3.252480e-01 
1.015840e-01 3.180640e-01 2.534400e-01 3.269120e-01 
1.018560e-01 3.173440e-01 2.528320e-01 3.279680e-01 
1.014080e-01 3.155200e-01 2.539680e-01 3.291040e-01 
1.022080e-01 3.133920e-01 2.522400e-01 3.321600e-01 
1.020960e-01 3.106400e-01 2.517280e-01 3.355360e-01 
1.031040e-01 3.078880e-01 2.518560e-01 3.371520e-01 
1.026880e-01 3.070240e-01 2.502720e-01 3.400160e-01 
1.008320e-01 3.056320e-01 2.510080e-01 3.425280e-01 
9.950400e-02 3.037600e-01 2.517600e-01 3.449760e-01 
1.016320e-01 2.989120e-01 2.520000e-01 3.474560e-01 
1.010240e-01 2.961120e-01 2.521600e-01 3.507040e-01 
9.956800e-02 2.936000e-01 2.529600e-01 3.538720e-01 
1.012160e-01 2.909760e-01 2.533920e-01 3.544160e-01 
9.883200e-02 2.894400e-01 2.547680e-01 3.569600e-01 
9.998400e-02 2.864960e-01 2.554400e-01 3.580800e-01 
9.792000e-02 2.844480e-01 2.563200e-01 3.613120e-01 
9.756800e-02 2.814880e-01 2.574240e-01 3.635200e-01 
9.944000e-02 2.789280e-01 2.569280e-01 3.647040e-01 
9.969600e-02 2.764160e-01 2.566720e-01 3.672160e-01 
9.907200e-02 2.738240e-01 2.572000e-01 3.699040e-01 
9.945600e-02 2.709120e-01 2.588160e-01 3.708160e-01 
9.942400e-02 2.686880e-01 2.596640e-01 3.722240e-01 
1.018080e-01 2.656320e-01 2.598400e-01 3.727200e-01 
1.011200e-01 2.642080e-01 2.616960e-01 3.729760e-01 
1.021760e-01 2.621120e-01 2.627200e-01 3.729920e-01 
1.019040e-01 2.606560e-01 2.631040e-01 3.743360e-01 
1.011840e-01 2.589280e-01 2.648960e-01 3.749920e-01 
9.926400e-02 2.587200e-01 2.668640e-01 3.751520e-01 
1.005760e-01 2.572960e-01 2.679840e-01 3.741440e-01 
1.005280e-01 2.561440e-01 2.698560e-01 3.734720e-01 
1.007040e-01 2.552480e-01 2.725920e-01 3.714560e-01 
1.008320e-01 2.544960e-01 2.743680e-01 3.703040e-01 
1.008480e-01 2.541600e-01 2.754880e-01 3.695040e-01 
1.017760e-01 2.531360e-01 2.770080e-01 3.680800e-01 
1.011520e-01 2.523520e-01 2.792000e-01 3.672960e-01 
9.940800e-02 2.522880e-01 2.826720e-01 3.656320e-01 
1.014720e-01 2.511680e-01 2.844960e-01 3.628640e-01 
1.020000e-01 2.506880e-01 2.869920e-01 3.603200e-01 
1.020960e-01 2.496000e-01 2.910720e-01 3.572320e-01 
1.011840e-01 2.485120e-01 2.948640e-01 3.554400e-01 
9.993600e-02 2.477280e-01 2.973920e-01 3.549440e-01 
1.018080e-01 2.471040e-01 2.987520e-01 3.523360e-01 
1.019040e-01 2.473760e-01 3.012800e-01 3.494400e-01 
1.025120e-01 2.468480e-01 3.041600e-01 3.464800e-01 
1.030240e-01 2.460960e-01 3.068800e-01 3.440000e-01 
1.012640e-01 2.454880e-01 3.117600e-01 3.414880e-01 
1.008960e-01 2.441280e-01 3.149440e-01 3.400320e-01 
1.011680e-01 2.440320e-01 3.176960e-01 3.371040e-01 
1.014560e-01 2.439520e-01 3.207360e-01 3.338560e-01 
1.011200e-01 2.430720e-01 3.237760e-01 3.320320e-01 
1.014080e-01 2.428320e-01 3.261920e-01 3.295680e-01 
1.012000e-01 2.434080e-01 3.289440e-01 3.264480e-01 
1.011840e-01 2.436480e-01 3.310880e-01 3.240800e-01 
1.007360e-01 2.443520e-01 3.331200e-01 3.217920e-01 
1.021120e-01 2.440000e-01 3.350560e-01 3.188320e-01 
1.019520e-01 2.445120e-01 3.372640e-01 3.162720e-01 
1.021600e-01 2.458560e-01 3.393920e-01 3.125920e-01 
1.027840e-01 2.458560e-01 3.420160e-01 3.093440e-01 
1.026400e-01 2.467200e-01 3.427520e-01 3.078880e-01 
1.020960e-01 2.480960e-01 3.444960e-01 3.053120e-01 
1.022400e-01 2.503040e-01 3.460640e-01 3.013920e-01 
1.034080e-01 2.523680e-01 3.473600e-01 2.968640e-01 
1.031360e-01 2.538240e-01 3.491040e-01 2.939360e-01 
1.042560e-01 2.548160e-01 3.510080e-01 2.899200e-01 
1.024640e-01 2.564320e-01 3.536160e-01 2.874880e-01 
1.016160e-01 2.578560e-01 3.560800e-01 2.844480e-01 
1.030400e-01 2.596000e-01 3.568960e-01 2.804640e-01 
1.039840e-01 2.606240e-01 3.577760e-01 2.776160e-01 
1.050560e-01 2.622400e-01 3.581280e-01 2.745760e-01 
1.031200e-01 2.644160e-01 3.597440e-01 2.727200e-01 
1.028000e-01 2.666560e-01 3.598240e-01 2.707200e-01 
1.035360e-01 2.689760e-01 3.593600e-01 2.681280e-01 
1.030240e-01 2.714720e-01 3.588160e-01 2.666880e-01 
1.016800e-01 2.744320e-01 3.585760e-01 2.653120e-01 
1.025920e-01 2.769280e-01 3.571680e-01 2.633120e-01 
1.028800e-01 2.793600e-01 3.555840e-01 2.621760e-01 
1.014720e-01 2.823360e-01 3.554560e-01 2.607360e-01 
1.006880e-01 2.848960e-01 3.549440e-01 2.594720e-01 
9.969600e-02 2.870720e-01 3.551840e-01 2.580480e-01 
1.005280e-01 2.893440e-01 3.531520e-01 2.569760e-01 
1.012160e-01 2.915840e-01 3.520640e-01 2.551360e-01 
1.000800e-01 2.954720e-01 3.507680e-01 2.536800e-01 
1.008160e-01 2.974560e-01 3.489920e-01 2.527360e-01 
1.022080e-01 2.994560e-01 3.470720e-01 2.512640e-01 
1.024160e-01 3.035520e-01 3.433280e-01 2.507040e-01 
1.042400e-01 3.073120e-01 3.400000e-01 2.484480e-01 
1.054560e-01 3.105120e-01 3.365120e-01 2.475200e-01 
1.053280e-01 3.144160e-01 3.333120e-01 2.469440e-01 
1.041280e-01 3.184960e-01 3.321120e-01 2.452640e-01 
1.047840e-01 3.214880e-01 3.285280e-01 2.452000e-01 
1.027040e-01 3.256800e-01 3.264800e-01 2.451360e-01 
1.029600e-01 3.284960e-01 3.236160e-01 2.449280e-01 
1.029440e-01 3.321600e-01 3.192160e-01 2.456800e-01 
1.018720e-01 3.357440e-01 3.176320e-01 2.447520e-01 
1.030240e-01 3.390240e-01 3.137920e-01 2.441600e-01 
1.029760e-01 3.410080e-01 3.122720e-01 2.437440e-01 
1.038240e-01 3.441120e-01 3.088000e-01 2.432640e-01 
1.047680e-01 3.467040e-01 3.049280e-01 2.436000e-01 
1.032800e-01 3.502240e-01 3.028000e-01 2.436960e-01 
1.044160e-01 3.526560e-01 2.992160e-01 2.437120e-01 
1.045280e-01 3.546400e-01 2.960160e-01 2.448160e-01 
1.042400e-01 3.577600e-01 2.933280e-01 2.446720e-01 
1.062240e-01 3.598720e-01 2.892160e-01 2.446880e-01 
1.062720e-01 3.629280e-01 2.862240e-01 2.445760e-01 
1.063520e-01 3.654560e-01 2.826560e-01 2.455360e-01 
1.066560e-01 3.678080e-01 2.789920e-01 2.465440e-01 
1.063040e-01 3.701920e-01 2.751360e-01 2.483680e-01 
1.058880e-01 3.732640e-01 2.708960e-01 2.499520e-01 
1.046080e-01 3.748320e-01 2.682240e-01 2.523360e-01 
1.046880e-01 3.772800e-01 2.647520e-01 2.532800e-01 
1.040960e-01 3.798400e-01 2.615520e-01 2.545120e-01 
1.053120e-01 3.807680e-01 2.581280e-01 2.557920e-01 
1.076800e-01 3.805120e-01 2.551840e-01 2.566240e-01 
1.061920e-01 3.823520e-01 2.524960e-01 2.589600e-01 
1.073280e-01 3.824000e-01 2.495680e-01 2.607040e-01 
1.073920e-01 3.822240e-01 2.471200e-01 2.632640e-01 
1.060800e-01 3.831200e-01 2.447360e-01 2.660640e-01 
1.048800e-01 3.838240e-01 2.431840e-01 2.681120e-01 
1.056160e-01 3.837440e-01 2.416800e-01 2.689600e-01 
1.061440e-01 3.834400e-01 2.405440e-01 2.698720e-01 
1.063680e-01 3.821920e-01 2.390560e-01 2.723840e-01 
1.044480e-01 3.818400e-01 2.376960e-01 2.760160e-01 
1.041760e-01 3.813920e-01 2.363200e-01 2.781120e-01 
